name: idleator
channels:
  - conda-forge
  - defaults
dependencies:
  - bzip2=1.0.8=h2bbff1b_5
  - ca-certificates=2024.3.11=haa95532_0
  - easyprocess=1.1=pyhd8ed1ab_0
  - entrypoint2=1.1=pyhd8ed1ab_0
  - expat=2.6.2=hd77b12b_0
  - freetype=2.12.1=ha860e81_0
  - jeepney=0.7.1=pyhd3eb1b0_0
  - jpeg=9e=h2bbff1b_1
  - lerc=3.0=hd77b12b_0
  - libdeflate=1.17=h2bbff1b_1
  - libexpat=2.6.2=h63175ca_0
  - libffi=3.4.4=hd77b12b_0
  - libpng=1.6.39=h8cc25b3_0
  - libsqlite=3.45.3=hcfcfb64_0
  - libtiff=4.5.1=hd77b12b_0
  - libwebp-base=1.3.2=h2bbff1b_0
  - libzlib=1.2.13=hcfcfb64_5
  - lz4-c=1.9.4=h2bbff1b_0
  - mouseinfo=0.1.3=pyhd8ed1ab_0
  - openjpeg=2.4.0=h4fc8c34_0
  - openssl=3.2.1=hcfcfb64_1
  - pillow=10.2.0=py312h2bbff1b_0
  - pip=23.3.1=py312haa95532_0
  - pyautogui=0.9.54=py312h2e8e312_2
  - pygetwindow=0.0.9=py312h2e8e312_2
  - pymsgbox=1.0.9=pyhd8ed1ab_1
  - pyperclip=1.8.2=pyhd8ed1ab_2
  - pyrect=0.2.0=pyhd8ed1ab_0
  - pyscreenshot=3.1=pyhd8ed1ab_0
  - pyscreeze=0.1.30=pyhd8ed1ab_0
  - python=3.12.3=h2628c8c_0_cpython
  - python-mss=9.0.1=pyhd8ed1ab_0
  - python-xlib=0.33=pyhd8ed1ab_0
  - python_abi=3.12=4_cp312
  - pytweening=1.2.0=pyhd8ed1ab_0
  - rubicon-objc=0.4.8=pyhd8ed1ab_0
  - setuptools=68.2.2=py312haa95532_0
  - six=1.16.0=pyhd3eb1b0_1
  - sqlite=3.41.2=h2bbff1b_0
  - tk=8.6.13=h5226925_1
  - tzdata=2024a=h04d1e81_0
  - ucrt=10.0.20348.0=haa95532_0
  - vc=14.2=h21ff451_1
  - vc14_runtime=14.38.33130=h82b7239_18
  - vs2015_runtime=14.38.33130=hcb4865c_18
  - wheel=0.41.2=py312haa95532_0
  - xz=5.4.6=h8cc25b3_0
  - zlib=1.2.13=hcfcfb64_5
  - zstd=1.5.5=hd43e919_0
  - pip:
      - keyboard==0.13.5
prefix: C:\Users\z001nhrr\AppData\Local\miniconda3\envs\idleator
